MutationType	CH192A	CH192B	CH192C	CH192D	CH192E	CH192F	CH192G
C>A,A-A_H	9.63363659670904e-05	1.849015885255767e-07	4.464519838487391e-09	3.39512741045489e-08	0.0006343582432736947	5.4209668621574284e-08	4.094541474922941e-06
C>A,A-C_H	5.924328188484651e-07	0.00026004734441314526	0.0004745095413798239	4.967749749650796e-05	1.119962744766667e-09	0.0003244293445956794	3.5280332680409216e-05
C>A,A-G_H	8.148778564418535e-07	2.87554051347918e-05	0.000461651980997992	1.2857092582929664e-06	1.4085988430778685e-08	4.539757060388538e-05	2.063662847037051e-05
C>A,A-T_H	5.223225040822399e-07	8.859523900270717e-05	0.000593787857080434	0.00043797555514955746	0.0008384675358455391	9.829462453202265e-06	4.382550973754706e-05
C>A,C-A_H	6.270856398771229e-07	3.8846082550279e-06	0.00025293731800279186	0.0008341878982821753	1.1426234171873162e-05	9.502161485429372e-05	0.000319202894002891
C>A,C-C_H	9.81608421811302e-05	7.476533807937357e-05	0.0004970892676964631	0.00016012834939364674	1.9071037379934098e-06	3.422153707124353e-05	4.548549818791692e-05
C>A,C-G_H	7.509975934567592e-07	2.5763788871557834e-07	5.338286098330654e-05	0.0001289551678020695	3.5958647971678916e-08	0.00016414924641840862	4.980120025799408e-06
C>A,C-T_H	4.487799304797591e-07	0.00015755760496272587	0.000542748466516632	0.0023852830722258054	5.9769930562794115e-06	0.00010278235047838802	0.0002775150286088067
C>A,G-A_H	1.0211634359507116e-06	2.8601960001850555e-07	1.1256290655748944e-05	0.0005253568189383416	6.754333098097698e-06	9.50724600543107e-06	2.453078601130454e-05
C>A,G-C_H	0.0002283241952641788	2.0096496836430333e-07	3.183787144336758e-06	0.00020173994658851058	1.209456565557765e-06	3.845893299855519e-06	0.0007152165469215266
C>A,G-G_H	0.00030244646670735164	7.215556699708969e-05	0.0008700247731169952	0.00022376022288950458	4.229719004464006e-06	0.00022936953468258103	0.0001647841441764639
C>A,G-T_H	2.956554684416801e-07	5.963069383702901e-05	0.001228560580568626	0.0013164139072658195	4.1187426029409835e-06	0.0016009120721990938	0.0005399011104082856
C>A,T-A_H	8.56356524255375e-06	2.1754493347003746e-07	2.629140150483522e-05	0.001983723077985438	1.8332880832288011e-06	0.0007312652623850023	7.289382846360926e-05
C>A,T-C_H	4.818827788710678e-07	3.824089101197358e-06	0.0003758806100893377	0.0007613679604138852	0.0003294471429270125	0.00025705251305490327	6.493114913258735e-05
C>A,T-G_H	5.297631221395704e-05	2.3298384628134272e-07	2.9914426404576976e-06	0.0017055571535418608	6.498445079972014e-05	2.252407277704305e-05	3.7844784682536184e-05
C>A,T-T_H	7.488575234177119e-06	6.524967836283402e-05	0.001179226440670348	0.0023290568131635893	0.00013054094822304306	0.00022131405255905	0.0014571657154115415
C>G,A-A_H	0.0010000601389131133	0.00021170057596887304	0.0005542921428474585	0.0006511263747181992	0.001951918581582504	0.0013078415201087416	7.303576964197589e-06
C>G,A-C_H	0.0011628922481904738	0.00020407860955586087	0.0009392938642153154	0.00033243453400020326	0.000690410405206076	0.0002983111620164749	0.0003872080168530125
C>G,A-G_H	0.0006385107945804975	0.0004315454279244655	0.0013595045667516956	0.0005413507589174071	0.0006005577198152357	0.0003057429411730901	7.576190888880063e-06
C>G,A-T_H	0.0002837109159222564	0.000546002148663324	0.0025468705215139094	0.001401272396434237	0.003738257278302626	0.00036504620354448834	0.00013746752631367976
C>G,C-A_H	0.0004968172793456347	0.00021936399565515786	0.0017677794056006348	6.580220832091754e-06	0.0018028042602354617	0.00035487802837277373	4.5259455212994125e-05
C>G,C-C_H	0.00020826613333815657	0.0005898242418384001	0.00021818343978414134	9.037741790807629e-06	0.0014349865651659996	0.00044096068996509396	3.3301223751891485e-09
C>G,C-G_H	0.00033230382294721037	1.3332678707698165e-06	4.3542053853612546e-05	0.00011778105278215633	0.0024550670160042643	4.930325975177885e-05	5.825901142861412e-06
C>G,C-T_H	8.464019956525704e-05	0.00040261381985997604	0.001548053103610357	8.523317249839124e-05	0.004037299350195099	0.00020222219494308823	3.157267281518861e-05
C>G,G-A_H	0.0011258427826899152	0.0005439402768762314	0.00040636680362194966	0.00089787899803855	0.0010469990456259666	0.0003297322215120553	3.434087061713953e-05
C>G,G-C_H	0.002392158087110147	1.2880715444081759e-05	0.001113873376612851	6.720749718865449e-05	0.002509170573001487	0.0015203060844593956	2.8934575695026553e-05
C>G,G-G_H	0.0027653035724069922	0.0005711988936657875	0.0011022673205269059	0.0001620636531691062	0.002279926266564871	0.00019923044932385647	0.0005772189930038958
C>G,G-T_H	0.0018922643357655033	0.0012191794821665542	0.001032413881199318	0.001270533352453981	0.006993108549620956	0.001380065154941553	0.0005479408906809589
C>G,T-A_H	0.0005354628908237374	0.0007582815944729369	0.0007525603807043808	0.0002972157219196134	0.002187083304314001	0.002573517485341412	0.0003901740907647877
C>G,T-C_H	6.182171702164662e-05	0.0006209812931379801	0.0019716422583957185	0.0006446608883773166	0.0011524296279741292	0.0003799960856469582	5.9005253891939445e-06
C>G,T-G_H	6.726916115910342e-05	0.0009846950364988522	0.0019488429716129926	0.00029423276609024453	0.004058913207962178	5.25885667563859e-05	0.00011161019542034367
C>G,T-T_H	4.939764819766878e-07	1.1510038386111531e-05	0.0006016301417534971	1.9827167330944028e-05	0.00244009536288938	0.0007940245454680664	4.718375757388227e-05
C>T,A-A_H	0.012778656499460339	9.637108499169149e-09	0.0008796777311441612	0.008689687189413235	0.000958090886326719	0.001182399199482096	0.0011522461763802383
C>T,A-C_H	0.013023028267547488	1.669758300090751e-08	0.000915771315198704	0.007507024533115327	0.0016652705367226589	0.0005229082086352153	0.0013454672179843748
C>T,A-G_H	0.012263539152219892	1.3279084480769325e-07	0.0003927065186343438	0.011956793955061584	4.161450561454672e-06	0.00018338136393581306	7.137680367108412e-05
C>T,A-T_H	0.019950234579853714	8.284188264989966e-05	0.0015968402253079756	0.015676239977357908	0.0017559761525801608	0.0006012055460466661	0.009647841774160042
C>T,C-A_H	0.012975013224408031	5.857553518164238e-05	0.000721998470512625	0.004770955746877007	0.0007917926317054764	0.0007564294071804208	0.0006310505545581755
C>T,C-C_H	0.011002628182992339	2.3019679569300742e-05	0.0017577868616468404	0.0023981007583990604	0.00010797843883835067	0.0034396602929737	0.0009670933781577844
C>T,C-G_H	0.019080788377672433	0.0001213171413440654	0.0015761405419333699	0.005856113089974599	0.000957271908096331	5.1941268512038616e-05	0.000490417252515778
C>T,C-T_H	0.028259886093437672	0.00020752176529964623	0.0007826258380636162	0.009967402818845585	0.0006972362864326555	0.0017679862897943225	0.0009488659195269311
C>T,G-A_H	0.014192719368264078	2.807434528534114e-05	0.0010690081802655449	0.02170820822007954	0.0006228617039929248	0.003557470031640179	0.0030844205128491495
C>T,G-C_H	0.03199681052565575	7.975152176571247e-05	0.0016856071298181519	0.015607882873620837	0.0002096012392006088	0.0006099076622607212	0.0011052581894381009
C>T,G-G_H	0.03841636537760496	1.633905775961786e-07	0.0002950400127163832	0.038265725649893285	5.0703230586884194e-05	0.00022523487271836106	0.0001143619041796069
C>T,G-T_H	0.05270595207810402	0.0006284509226167793	0.0009656302670997689	0.035021782957017425	0.0008301691066732175	0.001313458824784032	0.0006754052687329669
C>T,T-A_H	0.018449149129912256	3.112945179970666e-05	0.001335350658918193	0.016295228171627967	0.001295225668662809	0.01262185385217755	0.002204588323810526
C>T,T-C_H	0.018280054096132516	1.5098814713566123e-08	0.0007629486574589873	0.007430427454528399	0.0006496450659577721	0.002275087303975198	0.0015409509050752631
C>T,T-G_H	0.019388310251757503	0.00014357838669148425	0.0019103237236553525	0.013775293561862781	0.0004181990690755548	0.0015846191004981946	0.0005446291204855255
C>T,T-T_H	0.020648339699953795	1.688841394987372e-05	0.0028188429106975974	0.008068807899471722	0.0010829724011795748	0.006431581139204354	0.0035776380018131397
T>A,A-A_H	5.608324684658328e-10	0.017913696403615176	0.027831334783093395	0.002528338628987502	0.004958676031694544	0.017320252101768234	0.01073111757974211
T>A,A-C_H	8.090612414745024e-05	0.018382826663553713	0.0002617993882289227	0.0002723293622273588	0.00231203509818522	0.0003914221016169899	0.0013508137382207011
T>A,A-G_H	2.6133102132064324e-08	0.055122961550951005	0.01589130373743717	0.001210004262998513	0.004469250548059456	0.007454382384081327	0.008425316505841437
T>A,A-T_H	0.0004999283422429386	0.06896743067353964	0.003228200774601813	0.0002282595176608151	0.0001293495676211478	0.009971237062623914	0.00030639304860823557
T>A,C-A_H	0.0	0.008614849244244396	0.03622183116152883	0.0021208860472005453	0.009897894705752834	0.018702756547610305	0.01731756338540026
T>A,C-C_H	0.0006660970457807309	0.010370902606286108	0.007629793638525712	2.896313368182784e-05	0.004188726922217029	0.003512718902557083	0.005900406454125914
T>A,C-G_H	1.3975323115644756e-08	0.007392248745542019	0.0290986001177306	0.0018307627029098253	0.008880337365957757	0.007591486469410597	0.009304490129249075
T>A,C-T_H	1.8581802515704738e-06	0.02635490355268121	0.007251064060618774	0.0015749922299675846	0.0003848206186623244	0.00993902243663706	0.003321384661391832
T>A,G-A_H	0.0	0.016716223145835103	0.042586502358317374	0.015284675323171541	0.013905723906035065	0.027003450383089784	0.04133675989252515
T>A,G-C_H	2.208316999738491e-05	0.009257633097004146	0.011993162220926024	3.0060291433265717e-05	0.0094690821391996	0.006678954982271534	0.006991465721921031
T>A,G-G_H	0.0001744184584643702	0.02443205810151994	0.0536556156091392	0.009104066918245736	0.011939981599821067	0.00966800843044507	0.025104984286069793
T>A,G-T_H	4.833453498211221e-06	0.0726606090143323	0.03193193128566054	0.00018150774060190144	0.009295912144707017	0.0033495337169738948	0.008267955489652536
T>A,T-A_H	0.0	0.03225512095168233	0.0374718946875073	0.007519396643404491	0.013830736129470098	0.03460686366420123	0.021761734462996087
T>A,T-C_H	4.576818896451229e-08	0.030572622202336787	0.002804868186259142	5.91475476187977e-05	0.0023300290473323598	0.003220566289111815	0.0018384353765200849
T>A,T-G_H	6.867525800188299e-05	0.06466282937675714	0.021032314914278687	0.0025083331906551507	0.009199296365819464	0.004610358095660573	0.0032873371165282796
T>A,T-T_H	9.933389894278832e-08	0.11678340952098369	0.0048634105008752366	1.1427351704245557e-05	0.001453946063148038	0.003741886163224514	0.00012369548400997308
T>C,A-A_H	0.011509224401786923	4.127949949639387e-10	0.001292146732110952	0.0033362671174836578	0.010901593477930873	0.0047071471890579916	0.005252166133650462
T>C,A-C_H	0.005624886597041041	0.00011945134153371128	7.894126540330148e-05	0.002662132929014803	0.0042130860410397875	0.0008137554067506656	0.0004825995937016714
T>C,A-G_H	0.010092610260471702	2.9619294655627847e-09	0.0025069215749135977	0.003147529951616889	0.012907997173722834	0.006156486765573731	0.0012740379133153402
T>C,A-T_H	0.021237713020294903	1.0370891315703127e-09	0.002194342400665114	0.000578269614099225	0.012847643230110407	0.0053772194299695	0.0007488540824907943
T>C,C-A_H	0.009404752944596112	4.506698071866096e-06	0.0009907741063371756	0.0022829356513086327	0.0070346874974202365	0.006167691232767311	0.004540770797219011
T>C,C-C_H	0.011810939523391425	1.8819727666874454e-08	0.0005904713662175751	0.006108785049349535	0.0032235947712833876	0.00047682128117896026	0.0004046958146305082
T>C,C-G_H	0.0038310564506842584	2.2113428753678222e-08	0.0005389584657727932	0.006266112864029902	0.006038491185812745	0.0007050790291058427	0.00517345262184449
T>C,C-T_H	0.009106130490079523	3.453179737535628e-05	0.0004488814985585297	0.0077640274463919925	0.007441085387546081	0.0005132201408775092	0.0031042261593839816
T>C,G-A_H	0.030995260171592237	2.530262981969378e-05	0.003196864553472288	0.009042425333464053	0.00985315499547869	0.00375318575009567	0.0009489203940762039
T>C,G-C_H	0.021141835696995258	0.00011699818105618107	0.0009435287388934626	0.001596572983479038	0.00412727978289513	0.0020558216564907214	0.003162348989372436
T>C,G-G_H	0.025451691910624505	2.6478889481040825e-10	0.0014499159619817475	0.013257306272396819	0.014556414516642689	0.005587012290538975	0.002463992529066033
T>C,G-T_H	0.04721758823096752	0.00017044542369728922	0.0014535759087768412	0.004317915971410457	0.016736118614673615	0.0027752268253048227	0.003241719977131094
T>C,T-A_H	0.0036005204191897062	0.00011210942726805229	0.0013667455674645907	0.0026188729469504325	0.02098493095487356	0.010508170705055818	0.0048969301057077246
T>C,T-C_H	0.0024409177894813183	8.859886315981108e-05	0.003098323723707776	0.005481786184973316	0.009301945989108617	0.008887500181794935	0.0016923814821042812
T>C,T-G_H	0.0005538192279010872	0.0005168629065272065	0.0021558092770728758	6.707750568602933e-05	0.016328856128733606	0.007398020992177038	0.004114630502110686
T>C,T-T_H	0.005072503716684878	0.000560567924587844	0.00453021717301408	0.003163917275233881	0.015311829081678297	0.006108734251698479	0.0014836985351284965
T>G,A-A_H	0.0001929762024854522	0.0017012706166828697	0.0038883620807016765	0.0026547586205291104	0.006148084398075298	0.0012910955375966466	0.027397037400864063
T>G,A-C_H	5.4506237446915404e-05	3.1254177307023236e-06	0.0004212910025496921	6.470628365264464e-05	0.0066615748810581864	0.001087448955050307	4.4140050697927255e-05
T>G,A-G_H	0.0018895214145841805	0.001861839363236986	0.005529818953647992	0.00617952307299988	0.006705219617753755	0.003197760061759717	0.03894211991876364
T>G,A-T_H	8.355442922436396e-09	0.0005823377243030117	0.003683942044714062	0.006830617018209412	0.01662378132122103	0.002435042265817298	0.04455929432064295
T>G,C-A_H	7.640385851187968e-05	0.0011726505482589715	0.0017166114325489162	0.0015197841962776124	0.008280922010540962	0.0024217284992334954	0.008638898597746901
T>G,C-C_H	3.96885151195292e-07	8.233860981721433e-08	0.0003323668890928544	0.0009483193415485012	0.00849243438616395	0.00037379981986749124	4.7152427867896304e-05
T>G,C-G_H	0.00025487095172402617	0.00028327074955401246	0.0027301308341399276	0.005050635074934689	0.009469081485643982	0.0019281265043728127	0.002718026872861337
T>G,C-T_H	7.538801801424411e-07	0.00037402120349864235	0.00219100248473066	0.0022045906323922963	0.01210575242806226	8.060033768329334e-05	0.015855352287646382
T>G,G-A_H	0.0006705255278459381	0.0018804963682803226	0.005920190511227702	0.011069631120422856	0.018046027423813938	0.000981323082919893	0.010446589268685785
T>G,G-C_H	0.0008175993266062847	0.00013139610609189096	0.001720421667155918	0.0007964128796507807	0.010556883345358073	0.00045905817858252006	6.733692514100298e-05
T>G,G-G_H	0.0032227298024808987	0.0009275671986430965	0.0007908972124586988	0.02481271354854107	0.02592654803581536	0.0013290184264365052	0.005095814067695756
T>G,G-T_H	0.004805261535802856	0.0015746244878200812	0.0024934433936632558	0.017418939964525634	0.03587305062822998	0.0004574389770095404	0.020101667509647085
T>G,T-A_H	1.5993417489035266e-08	0.001496942997467865	0.010592688804820559	0.004151230264510012	0.020236121071502567	0.00031132036595430177	0.02239964764844626
T>G,T-C_H	2.059952016850275e-06	0.00011063629972876293	0.0006396034155226147	8.428118562794395e-05	0.011868390994146466	0.0016622619804861926	1.5127240824577725e-05
T>G,T-G_H	6.428826767506913e-05	0.000989956367137758	0.007274984565669456	0.007523273914595166	0.032643916752189396	0.007333068624676798	0.022811764819547532
T>G,T-T_H	0.0	4.6693445679896194e-08	0.008620519261197942	0.01230206576369278	0.04330689206998795	0.003411892235156458	0.03776634515821934
C>A,A-A_L	9.33140498162821e-06	0.00013292369681019566	0.002624303153856317	0.003567237469078492	0.0023728538422001294	0.000659625964500598	0.0002804629079690457
C>A,A-C_L	0.00014029262710503688	0.0008693728423889497	0.003266998577609854	0.0009372909938142367	0.0005083508627324136	0.0025270842361288645	0.0003642246580429038
C>A,A-G_L	2.1331315268639628e-05	0.00013039221050598827	0.0008546138839234487	0.0002376623793370274	4.986087931342809e-06	0.00043570002482800165	0.00015292771109047542
C>A,A-T_L	0.0004194645910638997	0.0007479481316576835	0.005031712143918412	0.0025942946404515226	0.0005209686528653493	0.00034961940405253244	0.0017747575152105527
C>A,C-A_L	4.589825964700367e-07	4.085789648849314e-06	0.0010640034340414885	0.004807248018795235	7.581047152704912e-09	0.00035113196790259805	0.0002095770605004832
C>A,C-C_L	1.947019584800813e-06	0.00034813013867714647	0.0028798656974233622	0.00435174678314506	0.00010992912494897666	0.002778546789419551	0.00015987749682114938
C>A,C-G_L	9.589667920374723e-05	2.2497230260967172e-05	0.001477643054229567	8.397400663675292e-05	1.470080945864538e-10	0.00019681606253379335	0.0013312468647212476
C>A,C-T_L	2.2813832757451192e-07	0.00011415704716117858	0.00520736077448322	0.0024359104204676497	0.0008237425903965345	0.00020763574141818708	0.0013777363937944962
C>A,G-A_L	5.797589713267825e-07	1.852977779684295e-06	0.00020068422205544588	0.0011326283111814134	5.502089480426964e-07	0.0005362570478973567	4.1356435812416545e-05
C>A,G-C_L	1.9300516360914345e-05	2.0144116260851774e-06	0.0007254226420394687	0.002111470359769421	0.00015657845731225706	0.00022583397592804212	0.0009618911391888139
C>A,G-G_L	6.079298139525236e-07	0.00011172370677132548	0.0002887990526034336	0.00015112841548215882	0.00016896195975454022	0.00015526212959617158	6.65232928341375e-06
C>A,G-T_L	9.95346851897807e-05	0.00015344125017253417	0.0011932723496177644	0.00024176161866705037	0.00024249879860403922	2.0242593885285486e-05	0.0026002655068999695
C>A,T-A_L	0.00011349809112158482	9.870736489546061e-05	0.0005661964856357366	0.00538003590842709	0.00023485613567726917	0.00018223507843285612	0.00021509800900672293
C>A,T-C_L	5.411711138965103e-07	6.732754750100157e-05	0.000911508612535755	0.0027803127908822135	0.0006031128894216237	0.0012653680553809928	0.0006320860636906751
C>A,T-G_L	8.684814831397603e-05	6.028985051380431e-05	0.0011951303447528473	0.0011591361426832663	2.6505152014941302e-05	7.224553832529779e-05	0.0001200992300809709
C>A,T-T_L	9.343015928956788e-05	9.319712006279613e-05	0.0036968593229763655	0.0038729376905805566	0.0002987774431248198	0.0006881066691186462	0.003872066095660969
C>G,A-A_L	5.490216571874207e-06	0.005357608191486918	0.009359580085312843	0.00042075254443479617	0.006225143106616543	0.00019727125326421912	7.407708694306691e-05
C>G,A-C_L	0.00012290330187797327	0.006106923251373928	0.01141085075823389	7.401140101427294e-05	0.006699933930821544	0.00010740696481671463	0.0004242772275724036
C>G,A-G_L	0.00010619727095976828	0.0006727315073048175	0.0027977687184351225	0.000102714993402369	0.0018585028532960308	7.61556188533774e-06	4.6072672602574414e-05
C>G,A-T_L	6.074723096228811e-07	0.0055438714655158495	0.0040008306060433365	0.001216813317352203	0.005731274024699815	0.0015400098881494736	3.5827715536044025e-05
C>G,C-A_L	1.1834832960166963e-07	0.0052026544124043495	0.009719794225533405	4.4856661367305375e-05	0.006054745645085888	0.001638721077348471	3.84807472227644e-06
C>G,C-C_L	3.4761998893442225e-06	0.0044302231549903995	0.016914823042636272	1.0843689711436676e-05	0.004778354064382625	0.0005381746430512635	2.3352192649014115e-05
C>G,C-G_L	7.838946427467874e-05	0.0028771276609596726	0.0007683906161628116	9.031095290414981e-05	0.0010367761913756368	0.0005081758012964101	8.301157090530848e-06
C>G,C-T_L	1.1305489047730432e-07	0.0066422651401953775	0.01037224392249496	0.00028744119440228923	0.00973088140982088	0.00046549244875529006	8.91337827922456e-06
C>G,G-A_L	2.6369575914841905e-07	0.0025186829000151223	0.002622470177392019	0.00034394014797861633	0.000659892001684645	0.001326403731407339	6.754835540638382e-06
C>G,G-C_L	0.00019395667034273066	0.0043112520096811125	0.004056109165527625	0.0002270282226105671	0.0024361186847943373	0.0020360850270204874	1.4993188087828457e-06
C>G,G-G_L	3.804569465959418e-07	0.001586602406916569	0.0002992497663186669	1.2184496893181685e-05	0.0002082159442925216	0.0007300005863484386	0.00024746032424724973
C>G,G-T_L	2.2552404458053844e-07	0.003027976089283129	0.0010319780741740486	0.0005773785786788182	0.00282381607418705	3.0217838006702634e-05	0.00025810912209215785
C>G,T-A_L	4.842102368287637e-07	0.005699767411534076	0.007667820006851514	0.0006413879531299607	0.00627570875507702	0.001512706140700118	0.0006197068652072631
C>G,T-C_L	1.28962795028138e-05	0.004161441319546491	0.0075109758053387024	4.63444124507546e-05	0.0075979055395125105	0.0014986394859822152	6.019235585100091e-06
C>G,T-G_L	1.5464450749533398e-05	0.0021236639991356865	0.0008905777145732401	6.815340616127364e-05	0.00040613528619198576	0.0005019899631992537	9.7424766312173e-06
C>G,T-T_L	2.8750629256890646e-07	0.0027810623370049603	0.007145255635973427	8.865946124517521e-06	0.005491189716517055	7.755796114143395e-05	6.3083708477904565e-06
C>T,A-A_L	0.002401818350813983	0.0002451978615295889	0.011558398754452356	0.015535117611289024	0.005876491786912083	0.02221774483239278	0.007018763656696823
C>T,A-C_L	0.0037163320144172757	2.1663982758227386e-05	0.009583089435356669	0.011248942473890565	0.0013381930070377934	0.019798864654265343	0.012219993705355592
C>T,A-G_L	1.2000041260096239e-07	8.473983573291624e-09	0.00104002358029394	0.03702865054085851	0.0009928001203772681	0.004369014765816699	0.002629482648491276
C>T,A-T_L	0.003045734247774817	0.0011490412290170787	0.01005012656393228	0.00743861898034811	0.008287824559141881	0.01492169339713655	0.009368379188235848
C>T,C-A_L	0.0011675451740782209	0.000581666300341308	0.010341306541923358	0.014692741356790065	0.007399771518277703	0.03006820055283606	0.00870539294776362
C>T,C-C_L	0.005125444191042334	0.0013817406016102592	0.013232793372590096	0.017532801263267176	0.005839030491639278	0.030680015463382004	0.013671945318579674
C>T,C-G_L	5.82478825539579e-06	2.2218501080164764e-05	0.0015012597545411988	0.015111401612870395	0.0020258246075348873	0.013342462584620763	0.00455344004676428
C>T,C-T_L	0.0030448827790139034	1.4278536889687715e-05	0.01052100135711953	0.003464477604678944	0.007621424904617015	0.032591484603472054	0.007340470658728016
C>T,G-A_L	8.89627173676617e-05	5.353468586038935e-05	0.006171082317455131	0.03278724212571978	0.0010732581249156695	0.01963375927083098	0.011291396471704502
C>T,G-C_L	1.5943462617091214e-05	0.0	0.0024415038985321227	0.05404028340056539	0.0007285625879079936	0.030666424107867896	0.03213933304976672
C>T,G-G_L	5.303409899454548e-06	1.0275559144395712e-08	0.0005726109055915331	0.028401144530624152	0.0011287005518584722	0.002413997812891382	0.00495213755188621
C>T,G-T_L	0.0008835370267964323	0.0003029099334734291	0.0038782895895869843	0.005894247547082898	0.0062791281517202155	0.010785050178173378	0.007938165673986078
C>T,T-A_L	0.0005868588413528162	7.815184195510416e-07	0.009367946930736878	0.014227875431341545	0.00642561946978072	0.07978187186829745	0.004165352927592554
C>T,T-C_L	0.0028122826906021034	2.158141517072387e-08	0.002831680260677525	0.007842600485224324	0.0020343794087338053	0.05287104050815106	0.005754921669216964
C>T,T-G_L	3.568145511798626e-05	9.864689611005507e-10	0.002196780108419993	0.04165040967427194	0.001463765565284433	0.014995538718223542	0.003517318402715496
C>T,T-T_L	6.261564591217983e-05	0.0040606074100547574	0.003422370005806897	0.0037459153408523	0.00229447306748353	0.060604446375742554	0.0025071700197985443
T>A,A-A_L	3.782395570930516e-05	0.020632440963760018	0.016147969923703074	0.0004525795807610624	0.004481043035226707	0.01721466445261831	0.01236283809460474
T>A,A-C_L	0.0002581826972285794	0.03411093368008733	0.0045620025052092944	0.00014802811423857064	0.0035355854309168534	0.011397678499342874	0.003016610753098007
T>A,A-G_L	1.0989998109745642e-07	0.021262336237356065	0.005574374500928087	0.0008683867038946694	0.0012950340675143863	0.0021589149705962436	0.003861335483613054
T>A,A-T_L	2.7168641519104144e-07	0.052169922158122065	0.0013675178205364098	0.0005626811220735934	0.0012316189980281066	0.001142714865921164	0.0016898361885689065
T>A,C-A_L	9.635100851301814e-07	0.005564786531656864	0.07319786496181041	0.004644387938216951	0.013604501659299419	0.028863509612067174	0.042708137125687246
T>A,C-C_L	8.26233459591208e-07	0.017113336391747	0.020298253566864915	0.0009938278079713455	0.012314342853253947	0.012769181266078703	0.008681209765771058
T>A,C-G_L	0.00011592284755602477	0.006579181549923021	0.023771938575431705	0.00025673707167590007	0.006004637193812414	0.0032550271929389415	0.008582826852646093
T>A,C-T_L	1.2943213720362223e-08	0.027830547034740447	0.01900161005067639	0.0013788887539664216	0.0029680804568928635	0.012653212258860548	0.006528616990894477
T>A,G-A_L	4.079883884999802e-08	0.005151331421436253	0.019687773474492132	0.0032593041779952828	0.0025083550564209533	0.01121756531896699	0.020312160319648682
T>A,G-C_L	0.00016317786300112802	0.00481646631897965	0.009055487407866167	1.0345999538282414e-05	0.004681720498250798	0.004365317244760263	0.0017438821476517096
T>A,G-G_L	1.129120998495381e-07	0.0022907650164652863	0.0037089598383712426	0.0010815884280593107	0.0003664193224677206	0.0034712239101313573	0.0005963200454572437
T>A,G-T_L	3.3139889374433907e-07	0.014180720288306475	0.0038148690244191527	1.662518872791452e-09	0.0017877162028488308	0.00033511897501332667	0.0007604017371759679
T>A,T-A_L	1.0618671193007856e-08	0.017216157093644144	0.03120997742348163	0.0011813832750108347	0.004602156058623605	0.023099431531319395	0.013468244386986385
T>A,T-C_L	1.37002848603629e-08	0.029981659341603517	0.008601892950869213	3.693367217859134e-05	0.004378823760927957	0.007479803605270036	0.007302622307858314
T>A,T-G_L	2.6123256457832866e-06	0.011094515676610172	0.005539161646261961	3.137005287534578e-09	0.0013158723603255993	0.00036200990270780764	0.0006118470039677701
T>A,T-T_L	6.894421372205528e-08	0.036517796460539105	0.004074160361103516	0.00032267948290425253	0.00038114982527098806	0.0033761003481303647	0.0031526603513347597
T>C,A-A_L	0.03102333752438426	1.8416284596825206e-05	0.0021726102446151573	0.007512558556620206	0.004200824338855455	0.003192903674601574	0.001026082263244743
T>C,A-C_L	0.052692655622959134	1.0625846869061206e-10	0.001078846757860942	0.011374982860638056	0.00417900979841761	0.004272330931929474	0.001030031417069626
T>C,A-G_L	0.011070316318422556	1.0873414248629975e-08	0.00027710886474489047	0.005759435767075047	0.0019591800542797275	0.0015050707198959615	0.0012850945684023554
T>C,A-T_L	0.034257585681974886	7.346695540040915e-05	0.0010977654348353573	0.005241662110172911	0.0019037785600565656	0.003778863714883599	0.0018233365683479406
T>C,C-A_L	0.04209660056233406	3.716737140280202e-10	0.0005783185256048675	0.018978101736400275	0.003083822921582396	0.0038127941198964664	0.0022336295242678973
T>C,C-C_L	0.05235751895606518	5.0467082242100505e-09	0.0004068622656606884	0.01905252111144364	0.002653326343321936	0.000501432202408266	0.0005356516003424343
T>C,C-G_L	0.011153353035449981	3.598876781296667e-08	5.8573157875726194e-05	0.008068709864397533	0.002455822596426941	0.0006787974661412131	0.0001493168281553281
T>C,C-T_L	0.0262808730378747	2.1007225913208805e-05	0.0009054016199361783	0.00810110335004049	0.003931389276869595	0.0010713575819645247	0.0015575187187817567
T>C,G-A_L	0.020694615693762897	0.00020230324501802023	0.00032054933750956137	0.0018088955107369753	0.00016494849032797518	0.001623701259132588	0.0002181622326469963
T>C,G-C_L	0.022707266829907893	6.839866327990051e-08	0.00029380988284904714	0.0007603525595852858	0.0007446129492443603	0.0007679980160602689	8.551965370114445e-05
T>C,G-G_L	0.005912878962233662	0.0001305230780690696	0.0009138611367069345	0.0012772583299578103	0.0005756045234956666	0.00014262812730385366	0.00013815532918945913
T>C,G-T_L	0.01389270563237369	1.5534112998238924e-07	0.00018431485352819266	0.002054615021252973	9.777229594831738e-10	0.00011651709513132946	0.0004678815522550385
T>C,T-A_L	0.01536433526314795	0.0005517560795356346	0.0009760130046596345	0.008656802364974283	0.009578990506008267	0.003481440768471586	0.0010084258028384453
T>C,T-C_L	0.019781669218093156	4.199625975420673e-09	0.0010758074990228972	0.01090819699538406	0.003902891802252988	0.0067099348350622	0.00042024489632357033
T>C,T-G_L	0.006149070883635432	5.196851722569429e-05	0.0006059604481569565	0.0005097958553367903	0.0004395839264677477	0.001859631853982947	0.001496922399547705
T>C,T-T_L	0.01278012870810926	3.606253173416007e-08	0.00017569356630052453	0.0030794056393187363	0.006197959020617418	0.0022045299947208575	2.7970635815307788e-05
T>G,A-A_L	0.00015309141370121538	0.006366943177838308	0.006601611485320181	0.0005733392962131347	0.004116984811893132	0.007630955401735662	0.03279449616745114
T>G,A-C_L	0.0022531187571760256	2.2852117232206203e-05	0.0017584878286480432	0.0021107499919176577	0.015881289615295828	0.0008928405471155223	0.004787487375579076
T>G,A-G_L	0.0012233922823719184	0.001802726347238421	0.0014604247508793896	0.006705490458116401	0.0037653644243354164	0.002694096289113077	0.00923685981077142
T>G,A-T_L	8.42367757432072e-08	1.5082561082747525e-05	0.007083658778185111	0.011413384615612131	0.0008811455718617864	0.0021858816231545004	0.046995867896825076
T>G,C-A_L	0.00012486067179214545	0.0020469444889306184	0.0050663784381440565	0.012504304338098564	0.015456207401919528	0.004506368366896613	0.02872901502624154
T>G,C-C_L	0.0001925708911978922	1.0321659191039e-05	0.000861198269938143	0.0051806096441087	0.023730887273326517	0.002557354258385007	0.0026149720068345916
T>G,C-G_L	2.8194564995038363e-05	1.5978797534609458e-05	0.002342716719448312	0.001532918588678708	0.010953281787224114	0.0004205785782822957	0.003887478901773406
T>G,C-T_L	4.9471199199659034e-05	9.179652750932465e-06	0.006290147395295548	0.0018032405858893412	0.00790290679721511	0.004768653088920132	0.01906918966770172
T>G,G-A_L	0.00042181043962332863	0.00025549176998158684	0.002263651771419973	0.0015376492446872376	0.007663313151337206	0.0007778375098412198	0.0020591747504516036
T>G,G-C_L	0.0006039397695421371	0.00022441527099481816	0.0002572841880202148	0.00014302976637436515	0.005528349219006487	0.0007934767428513681	1.272287988548193e-05
T>G,G-G_L	0.00015964825380940085	4.180918078900753e-05	0.00024369243318923405	0.0001970666544566817	0.0027353134829081684	0.0007390106168582946	0.0003402973847487589
T>G,G-T_L	0.0009562181336242901	1.4441521902183064e-05	0.0003408561548973239	0.0018643838052512223	0.006100078544812277	0.002491585120788983	0.005866530320894185
T>G,T-A_L	7.962995677956997e-08	1.2837147950085318e-05	0.008304841365316172	0.00010862910203052889	0.008298885057180997	0.00249392608779128	0.018255603482946754
T>G,T-C_L	7.90161200365187e-05	8.903385833051991e-05	0.0010492400310597447	0.00652268456368347	0.017485581254586578	0.0017461894529118354	0.0051728052467224185
T>G,T-G_L	7.18979024287858e-08	0.0023511830383659885	0.001038284356780115	0.000938908635981315	0.004429425229202024	0.0009835168364496667	0.0018536256703070044
T>G,T-T_L	0.00039416596088018887	0.00045603472569147264	0.004755575090564207	0.005225975231591292	0.013834951908793301	0.002280974387925391	0.01622909382148646
