Samples	CH192A	CH192B	CH192C	CH192D
CB001_0_0.0009765625	0	76	0	0
CB001_0.0009765625_0.001953125	1	178	156	189
CB001_0.001953125_0.00390625	68	35	12	234
CB001_0.00390625_0.0078125	64	0	0	36
CB001_0.0078125_0.015625	57	0	0	0
CB001_0.015625_0.03125	36	0	0	0
CB001_0.03125_0.0625	24	0	0	0
CB001_0.0625_0.125	16	0	0	0
CB001_0.125_0.25	5	0	0	0
CB002_0_0.0009765625	0	85	0	0
CB002_0.0009765625_0.001953125	0	138	385	199
CB002_0.001953125_0.00390625	56	0	157	235
CB002_0.00390625_0.0078125	91	0	24	0
CB002_0.0078125_0.015625	55	0	0	0
CB002_0.015625_0.03125	53	0	0	0
CB002_0.03125_0.0625	41	0	0	0
CB002_0.0625_0.125	18	0	0	0
CB002_0.125_0.25	7	0	0	0
CB002_0.25_0.5	3	0	0	0
KX001_0_0.0009765625	0	185	66	0
KX001_0.0009765625_0.001953125	0	113	1324	0
KX001_0.001953125_0.00390625	183	1	157	148
KX001_0.00390625_0.0078125	158	0	0	0
KX001_0.0078125_0.015625	139	0	0	0
KX001_0.015625_0.03125	123	0	0	0
KX001_0.03125_0.0625	123	0	0	0
KX001_0.0625_0.125	112	0	0	0
KX001_0.125_0.25	91	0	0	0
KX001_0.25_0.5	75	0	0	0
KX001_0.5_1	59	0	0	0
KX002_0_0.0009765625	0	220	50	0
KX002_0.0009765625_0.001953125	57	146	1177	24
KX002_0.001953125_0.00390625	155	0	109	103
KX002_0.00390625_0.0078125	158	0	0	0
KX002_0.0078125_0.015625	137	0	0	0
KX002_0.015625_0.03125	119	0	0	0
KX002_0.03125_0.0625	120	0	0	0
KX002_0.0625_0.125	106	1	4	4
KX002_0.125_0.25	117	0	0	0
KX002_0.25_0.5	84	0	0	0
KX002_0.5_1	86	1	1	1
KX003_0_0.0009765625	0	86	0	18
KX003_0.0009765625_0.001953125	32	231	346	187
KX003_0.001953125_0.00390625	145	43	101	272
KX003_0.00390625_0.0078125	131	2	24	12
KX003_0.0078125_0.015625	161	0	0	0
KX003_0.015625_0.03125	113	0	0	0
KX003_0.03125_0.0625	108	0	0	0
KX003_0.0625_0.125	135	0	0	0
KX003_0.125_0.25	110	0	0	0
KX003_0.25_0.5	88	0	0	0
KX003_0.5_1	142	0	0	0
KX004_0_0.0009765625	0	378	0	0
KX004_0.0009765625_0.001953125	20	494	158	307
KX004_0.001953125_0.00390625	144	45	66	207
KX004_0.00390625_0.0078125	168	0	0	78
KX004_0.0078125_0.015625	204	0	0	0
KX004_0.015625_0.03125	176	0	0	0
KX004_0.03125_0.0625	199	0	0	0
KX004_0.0625_0.125	175	0	0	0
KX004_0.125_0.25	157	0	0	0
KX004_0.25_0.5	139	0	0	0
KX004_0.5_1	188	0	0	0
KX007_0_0.0009765625	0	76	0	0
KX007_0.0009765625_0.001953125	42	82	30	138
KX007_0.001953125_0.00390625	143	0	0	120
KX007_0.00390625_0.0078125	113	0	32	0
KX007_0.0078125_0.015625	120	0	0	0
KX007_0.015625_0.03125	124	0	0	0
KX007_0.03125_0.0625	144	0	0	0
KX007_0.0625_0.125	122	0	0	0
KX007_0.125_0.25	97	0	0	0
KX007_0.25_0.5	113	0	0	0
KX007_0.5_1	113	0	0	0
KX008_0_0.0009765625	0	81	0	0
KX008_0.0009765625_0.001953125	0	124	312	374
KX008_0.001953125_0.00390625	203	0	0	343
KX008_0.00390625_0.0078125	122	0	51	0
KX008_0.0078125_0.015625	147	0	0	0
KX008_0.015625_0.03125	141	0	0	0
KX008_0.03125_0.0625	140	0	0	0
KX008_0.0625_0.125	143	0	0	0
KX008_0.125_0.25	103	0	0	0
KX008_0.25_0.5	116	0	0	0
KX008_0.5_1	121	0	0	0
SX001_0_0.0009765625	0	68	0	108
SX001_0.0009765625_0.001953125	0	0	0	837
SX001_0.001953125_0.00390625	166	0	0	345
SX001_0.00390625_0.0078125	194	0	0	63
SX001_0.0078125_0.015625	178	3	5	9
SX001_0.015625_0.03125	169	0	0	0
SX001_0.03125_0.0625	154	0	0	0
SX001_0.0625_0.125	154	0	0	0
SX001_0.125_0.25	100	0	0	0
SX001_0.25_0.5	92	0	0	0
SX001_0.5_1	97	0	0	0
AX001_0_0.0009765625	0	44	0	0
AX001_0.0009765625_0.001953125	1	426	357	175
AX001_0.001953125_0.00390625	118	177	257	781
AX001_0.00390625_0.0078125	183	0	0	188
AX001_0.0078125_0.015625	152	0	0	0
AX001_0.015625_0.03125	154	0	0	0
AX001_0.03125_0.0625	138	0	0	0
AX001_0.0625_0.125	122	0	0	0
AX001_0.125_0.25	146	0	0	0
AX001_0.25_0.5	133	0	0	0
AX001_0.5_1	125	0	0	0
8 pcw_0_0.0009765625	0	1018	0	0
8 pcw_0.0009765625_0.001953125	0	1620	303	0
8 pcw_0.001953125_0.00390625	0	861	467	345
8 pcw_0.00390625_0.0078125	58	53	72	196
8 pcw_0.0078125_0.015625	34	9	3	28
8 pcw_0.015625_0.03125	27	0	0	0
8 pcw_0.03125_0.0625	15	0	0	0
8 pcw_0.0625_0.125	6	0	0	0
8 pcw_0.125_0.25	2	0	0	0
8 pcw_0.25_0.5	1	0	0	0
18 pcw_0_0.0009765625	0	55	49	0
18 pcw_0.0009765625_0.001953125	0	148	426	0
18 pcw_0.001953125_0.00390625	64	31	263	108
18 pcw_0.00390625_0.0078125	63	0	50	27
18 pcw_0.0078125_0.015625	41	0	0	0
18 pcw_0.015625_0.03125	22	0	0	0
18 pcw_0.03125_0.0625	11	0	0	0
18 pcw_0.0625_0.125	5	0	0	0
18 pcw_0.125_0.25	1	0	0	0
